Média do Conjunto de Treinamento por Feature:
[ 9.33105733e-17  5.74551215e-17 -1.56813602e-16  1.85325166e-16
 -1.51197688e-18  1.67181444e-16  1.10158316e-16  1.95747007e-16
 -1.07998349e-17 -2.06276846e-17 -4.36313329e-17 -1.28734032e-16
  1.39317870e-16 -9.61185303e-17  3.17515145e-17  1.21714139e-16
  4.81132643e-17  7.09549151e-17  2.38190358e-16 -8.39687161e-17
 -3.96461938e-16 -5.98310852e-17  2.85520634e-16  8.17547500e-17
  2.07356830e-17  1.72797358e-17 -1.88457118e-16 -2.86843614e-16
 -7.50588523e-17 -1.51791679e-16 -2.09084803e-16  6.22070489e-17
 -1.80573239e-16  4.08233758e-17  5.12992156e-17  7.03069250e-17
  1.23874106e-16  0.00000000e+00  2.44751258e-16 -5.23845990e-16
  0.00000000e+00 -5.89670984e-17 -1.01086454e-16  0.00000000e+00
  2.05196863e-17  0.00000000e+00  0.00000000e+00  0.00000000e+00
 -4.20545570e-16 -1.85109170e-16 -3.88713057e-16  6.90109448e-17
  7.46268590e-17 -1.42206826e-16  6.15590588e-17 -8.09987615e-17
 -2.72155839e-16 -6.53390010e-17 -3.56394551e-18 -8.55346922e-17
  0.00000000e+00  0.00000000e+00  0.00000000e+00  1.78521270e-16
  0.00000000e+00  0.00000000e+00  0.00000000e+00  0.00000000e+00
  0.00000000e+00  0.00000000e+00  0.00000000e+00  0.00000000e+00
  1.40397853e-16  3.67194386e-18  0.00000000e+00  1.85541163e-16
  0.00000000e+00  0.00000000e+00 -2.12756747e-17 -4.01321864e-16
 -2.57792058e-16  2.82064687e-16  0.00000000e+00  2.82064687e-16
  0.00000000e+00  0.00000000e+00  0.00000000e+00  0.00000000e+00
  0.00000000e+00  0.00000000e+00  0.00000000e+00  0.00000000e+00
  0.00000000e+00  0.00000000e+00  0.00000000e+00  0.00000000e+00
 -3.17164151e-16  3.26695005e-17  0.00000000e+00  0.00000000e+00
  0.00000000e+00  0.00000000e+00  0.00000000e+00  2.02523903e-16
  0.00000000e+00  0.00000000e+00  0.00000000e+00  0.00000000e+00
  0.00000000e+00  0.00000000e+00  0.00000000e+00  0.00000000e+00
  0.00000000e+00  0.00000000e+00  0.00000000e+00  0.00000000e+00
  0.00000000e+00  0.00000000e+00  0.00000000e+00  0.00000000e+00
  1.58730573e-16 -1.96340998e-16  0.00000000e+00  0.00000000e+00
  0.00000000e+00  0.00000000e+00  0.00000000e+00  2.02523903e-16
  0.00000000e+00  0.00000000e+00  0.00000000e+00  0.00000000e+00
  0.00000000e+00  0.00000000e+00  0.00000000e+00  0.00000000e+00
  0.00000000e+00  0.00000000e+00  0.00000000e+00  0.00000000e+00
  0.00000000e+00  0.00000000e+00  0.00000000e+00  0.00000000e+00
  0.00000000e+00  0.00000000e+00  0.00000000e+00  0.00000000e+00
  0.00000000e+00  0.00000000e+00  0.00000000e+00  2.02523903e-16
  0.00000000e+00  0.00000000e+00  0.00000000e+00  0.00000000e+00
  0.00000000e+00  0.00000000e+00  0.00000000e+00  0.00000000e+00
  0.00000000e+00  0.00000000e+00  0.00000000e+00  0.00000000e+00
  0.00000000e+00  0.00000000e+00  0.00000000e+00  0.00000000e+00
  0.00000000e+00  1.54005645e-16  0.00000000e+00  0.00000000e+00
  0.00000000e+00  0.00000000e+00  0.00000000e+00  2.02523903e-16
  0.00000000e+00  0.00000000e+00  0.00000000e+00  0.00000000e+00
  0.00000000e+00  0.00000000e+00  0.00000000e+00  0.00000000e+00
  0.00000000e+00  0.00000000e+00  0.00000000e+00  0.00000000e+00
  0.00000000e+00  0.00000000e+00  0.00000000e+00  0.00000000e+00]
Desvio Padrão do Conjunto de Treinamento por Feature:
[1. 1. 1. 1. 1. 1. 1. 1. 1. 1. 1. 1. 1. 1. 1. 1. 1. 1. 1. 1. 1. 1. 1. 1.
 1. 1. 1. 1. 1. 1. 1. 1. 1. 1. 1. 1. 1. 0. 1. 1. 0. 1. 1. 0. 1. 0. 0. 0.
 1. 1. 1. 1. 1. 1. 1. 1. 1. 1. 1. 1. 0. 0. 0. 1. 0. 0. 0. 0. 0. 0. 0. 0.
 1. 1. 0. 1. 0. 0. 1. 1. 1. 1. 0. 1. 0. 0. 0. 0. 0. 0. 0. 0. 0. 0. 0. 0.
 1. 1. 0. 0. 0. 0. 0. 1. 0. 0. 0. 0. 0. 0. 0. 0. 0. 0. 0. 0. 0. 0. 0. 0.
 1. 1. 0. 0. 0. 0. 0. 1. 0. 0. 0. 0. 0. 0. 0. 0. 0. 0. 0. 0. 0. 0. 0. 0.
 0. 0. 0. 0. 0. 0. 0. 1. 0. 0. 0. 0. 0. 0. 0. 0. 0. 0. 0. 0. 0. 0. 0. 0.
 0. 1. 0. 0. 0. 0. 0. 1. 0. 0. 0. 0. 0. 0. 0. 0. 0. 0. 0. 0. 0. 0. 0. 0.]