Média do Conjunto de Treinamento por Feature:
[-2.97033353e-16 -4.52488924e-16 -4.78418474e-17  1.48760147e-16
  1.69576828e-16  9.33707303e-17  1.02013914e-16  2.38844032e-16
 -1.71646323e-16 -1.82115531e-16 -3.63378918e-17  9.66575747e-17
  3.40157970e-16 -1.01268287e-16 -1.49627508e-16  0.00000000e+00
  0.00000000e+00  0.00000000e+00  8.94143434e-17  0.00000000e+00
  8.67970413e-17  0.00000000e+00  0.00000000e+00  0.00000000e+00
  2.99102848e-16 -4.10977295e-16 -3.78839260e-16 -5.66067661e-17
 -8.80143911e-17  8.18059071e-17 -1.51681786e-16  3.67639642e-17
 -1.15891702e-16  1.31230309e-16  7.08497588e-17 -1.92828210e-16
  2.95116027e-16 -3.34771197e-19  1.02257384e-16  0.00000000e+00
  0.00000000e+00  0.00000000e+00 -1.45655904e-16  0.00000000e+00
  1.12665725e-16  1.02379119e-16  0.00000000e+00 -2.85529397e-16
  1.83089411e-16 -2.82425155e-17  9.09360306e-17 -3.65204942e-18
 -1.12726592e-16  1.20274161e-16  1.23195801e-16  9.59271648e-17
  4.57723528e-17  1.58088089e-16  1.33665009e-16  6.57368896e-17
  4.40376293e-17  2.05336479e-16  2.66843078e-16  0.00000000e+00
  0.00000000e+00  0.00000000e+00 -4.62592927e-17  9.38881039e-17
  8.07102923e-17  1.27882597e-16  1.35004094e-16 -7.24018798e-17
 -7.38322658e-17  3.22597699e-17  2.79990456e-18 -5.95284056e-17
 -1.11387507e-16 -1.09561483e-17  7.71799778e-17  1.16256907e-16
 -9.49532850e-17 -1.10413628e-16  9.98226842e-17 -4.96678722e-17
  2.75394960e-16 -3.36201583e-16  2.72686357e-17  0.00000000e+00
  0.00000000e+00  0.00000000e+00 -1.58711981e-16  0.00000000e+00
 -8.05581235e-17 -3.23723748e-16 -1.61070596e-16  1.34517154e-16
  8.94752109e-17 -4.77809800e-16  6.18413702e-17  9.33707303e-17
 -8.35101968e-17 -1.21369776e-16  2.94598653e-17  1.35977974e-16
  4.38245931e-18  1.37560528e-17  2.46878541e-16 -9.78749245e-17
 -5.45250979e-16 -7.49583144e-17  9.63167168e-16  0.00000000e+00
  0.00000000e+00  0.00000000e+00  0.00000000e+00  0.00000000e+00
  2.77555756e-16  2.70525561e-16  0.00000000e+00  2.89653170e-16
 -1.60629307e-16  1.79315627e-16 -7.59626280e-17 -3.59118193e-17
  7.59626280e-17 -1.67994273e-17  9.65358398e-17  3.04337452e-18
  1.50951376e-16 -1.83576351e-16  8.13189672e-17 -2.68303898e-16
 -3.74943741e-17  1.65863911e-17  1.39264818e-16  0.00000000e+00
  0.00000000e+00  0.00000000e+00  0.00000000e+00  0.00000000e+00
 -1.12148351e-17  2.46437252e-16  0.00000000e+00  2.70525561e-16]
Desvio Padrão do Conjunto de Treinamento por Feature:
[1. 1. 1. 1. 1. 1. 1. 1. 1. 1. 1. 1. 1. 1. 1. 0. 0. 0. 1. 0. 1. 0. 0. 0.
 1. 1. 1. 1. 1. 1. 1. 1. 1. 1. 1. 1. 1. 1. 1. 0. 0. 0. 1. 0. 1. 1. 0. 1.
 1. 1. 1. 1. 1. 1. 1. 1. 1. 1. 1. 1. 1. 1. 1. 0. 0. 0. 1. 1. 1. 1. 1. 1.
 1. 1. 1. 1. 1. 1. 1. 1. 1. 1. 1. 1. 1. 1. 1. 0. 0. 0. 1. 0. 1. 1. 1. 1.
 1. 1. 1. 1. 1. 1. 1. 1. 1. 1. 1. 1. 1. 1. 1. 0. 0. 0. 0. 0. 1. 1. 0. 1.
 1. 1. 1. 1. 1. 1. 1. 1. 1. 1. 1. 1. 1. 1. 1. 0. 0. 0. 0. 0. 1. 1. 0. 1.]