Média do Conjunto de Treinamento por Feature
[ 0.10855263  0.16008772 -0.10635965  0.02960526  0.16666667  0.21600877
  0.66447368  0.09320175  0.05537281  0.07127193  0.73574561  0.30153509
  0.00438596  0.00219298  0.00986842  0.          0.          0.
  0.00109649  0.          0.00548246  0.          0.          0.
  0.07346491  0.29495614 -0.2872807   0.12061404  0.26096491  0.30592105
 -0.09210526 -0.43969298 -0.27083333  0.25657895 -0.18092105  0.73903509
  0.00548246  0.00548246  0.01644737  0.          0.          0.
  0.00109649  0.          0.00219298  0.00548246  0.          0.00219298
  0.26864035  0.90789474  0.66118421  0.44407895  0.83223684  1.02083333
  0.13340643 -0.22112573 -0.16885965  0.85307018  0.23501462  0.26151316
  0.02412281  0.01754386  0.08333333  0.          0.          0.
  0.02302632  0.00657895  0.05701754  0.02302632  0.00657895  0.01754386
  0.1622807   0.61842105  0.28070175  0.33223684  0.67763158  0.8497807
  0.02796053 -0.02110746  0.00219298  0.64364035  0.10453216  0.19544956
  0.01315789  0.01315789  0.06907895  0.          0.          0.
  0.00548246  0.          0.00986842  0.00986842  0.00109649  0.00986842
  0.02302632  0.16008772  0.40789474  0.1370614   0.36074561  0.36732456
 -0.11074561  0.09923246 -0.13157895  0.25328947  0.1310307   0.44572368
  0.00548246  0.00548246  0.02083333  0.          0.          0.
  0.          0.          0.00328947  0.00438596  0.          0.00328947
  0.02302632  0.17872807  0.40789474  0.12390351  0.34868421  0.3629386
 -0.1370614   0.13322368 -0.10416667  0.27741228  0.1502193   0.45449561
  0.00657895  0.00548246  0.02083333  0.          0.          0.
  0.          0.          0.00109649  0.00328947  0.          0.00438596]
Desvio Padrão do Conjunto de Treinamento por Feature
[0.38367637 0.39822412 0.91926453 0.1819746  0.45962736 0.48264425
 0.99192405 0.63787429 0.44420448 0.25727853 1.00290952 0.56977782
 0.06608122 0.04677791 0.15849894 0.         0.         0.
 0.03309515 0.         0.07384036 0.         0.         0.
 0.2608981  0.54174102 0.54080477 0.34209823 0.57914254 0.60303329
 0.78797372 0.87527133 0.67384092 0.50432399 0.84497225 0.95162047
 0.07384036 0.07384036 0.12718826 0.         0.         0.
 0.03309515 0.         0.04677791 0.07384036 0.         0.04677791
 0.56891625 1.32959859 1.27746405 0.85143585 1.59196593 1.54416139
 0.55419277 0.70811028 0.52495713 1.17741512 0.75797071 0.5762849
 0.29145224 0.18649379 0.39412721 0.         0.         0.
 0.16395752 0.08084346 0.34258289 0.21591413 0.08084346 0.16793149
 0.40822473 0.95238075 0.96093679 0.74951171 1.38254457 1.42287852
 0.77164455 0.51114893 0.74301987 0.97061153 0.67215499 0.535191
 0.13987034 0.13179806 0.31177201 0.         0.         0.
 0.07384036 0.         0.09884855 0.11898319 0.03309515 0.12786705
 0.14998701 0.41967405 0.53008519 0.40266018 0.81536418 0.7665901
 0.93178209 0.72151268 0.86742367 0.51564358 0.63053847 0.59563776
 0.08743787 0.07384036 0.15030731 0.         0.         0.
 0.         0.         0.05725952 0.06608122 0.         0.05725952
 0.14998701 0.46342939 0.54437228 0.39319723 0.80235291 0.75136376
 0.88473118 0.75659623 0.86672413 0.53477194 0.65344898 0.62157974
 0.09342723 0.07384036 0.16425058 0.         0.         0.
 0.         0.         0.03309515 0.05725952 0.         0.06608122]